-3.389216214334366040e+00
5.820299040943128777e-01
-1.694464665956605165e+00
-3.140602988229869719e-01
1.246414835323091802e-02
5.183183960190865802e-01
-1.491792356363649930e+00
4.464639160692913250e-02
-4.897664092748686970e-01
2.757228725538183323e-01
8.895805759245661859e-01
8.249426835107535050e-01
3.510409710038505660e-01
1.175748568411574713e+00
-1.148370673288438226e+00
-1.974840743306344848e+00
-1.433443176091893312e+00
1.331622760005961581e+00
-2.213350975507906604e+00
-8.742273131803872666e-01
-1.556844704099233256e+00
4.472028457609052432e-01
8.729052763260646275e-01
9.457951721869150008e-01
1.258984852960998602e+00
8.915354587439393574e-01
-1.373107636244208951e+00
7.538870336889283985e-01
-2.690572553574896442e-01
3.251903811146415468e-01
-3.577317618689064282e-01
-6.680591035328804494e-01
1.993799853639059705e-01
-4.310426913920353820e-01
-1.044035419049796021e+00
-2.312624773366795505e+00
-1.115871041829183535e-01
7.537514996716557225e-02
-7.076479226183980398e-01
1.508900457640896420e+00
9.061915636907719174e-01
1.200581523216088381e-01
1.218353850587252429e+00
1.480612536890637321e+00
-1.710816684395609633e+00
1.302221157572844179e+00
-2.926321856126790633e-01
-3.551711262005891045e-01
1.652761778526506520e+00
-8.599261283191846073e-02
1.257562016670449312e-01
1.406315193848445277e+00
-2.043260693063812528e-01
1.046384657895599757e+00
-1.657615778497508602e-02
-3.098664816588080906e-01
4.014678026329225324e-01
-2.888225622200717990e-01
-1.694858239039253034e+00
1.708625127892391682e-01
-7.137320402218489956e-01
4.138551839629864837e-01
1.064385776562370323e+00
-1.436005764796688844e+00
5.868900559238391379e-01
-2.580614345134322196e-01
-1.390907400785046821e+00
-6.104597707617218649e-01
2.428464240696917575e-01
-1.451442338246856867e+00
-7.879034080097857551e-01
8.160318161480586419e-01
1.034518924920380778e+00
-1.800993205026524269e+00
-1.217263586131765774e+00
5.449000573917786028e-01
-5.376463243075306764e-01
1.471142043397942301e+00
2.447644685922971242e+00
5.632033737893172853e-01
-3.417129787973389315e-02
-8.848958053076081409e-01
-1.475140753867439369e-01
8.303144031510306666e-01
3.695012235227442821e-01
-7.880265523415033169e-01
1.845372633761812375e+00
1.716729505167023717e+00
-8.011325976814952510e-01
-1.521525916316628368e-01
9.792305787546180529e-01
6.038594529689002011e-01
7.421363035974212208e-01
-8.763609969660813848e-01
-1.476805656409052370e+00
-4.694097582907730826e-01
4.647736305012090119e-01
-2.595634257883600027e-01
-1.560673422055331994e+00
1.162763940454810546e-01
-2.127527889309017428e-01
-6.178470638772868284e-01
-7.413361643422532177e-02
2.025025619510658903e-01
-1.036420166446749169e+00
7.329327731136852098e-01
3.758014155080013352e-01
1.089791578627263613e+00
9.009537387573786082e-01
2.111702555839572448e-01
1.727501571701061112e+00
6.133437946131327090e-01
-1.646283283461161262e-01
8.718665972864891867e-01
1.166263972559462792e+00
7.022118225542075542e-01
-9.287578336891444408e-01
3.665972043615658427e-01
9.384427265302492938e-01
-5.238569270238069286e-01
6.194966428264696567e-01
-2.053431652243496025e-02
1.920142859085390841e-01
-5.311499945810915779e-01
6.323597625294226088e-01
8.573719882158447048e-01
-1.229905179796402459e+00
2.428161472652644315e-03
1.229851725628542392e+00
-5.704246652291429243e-01
3.799998062956313483e-01
-6.847420467296647661e-01
1.692037208066966558e+00
-3.612362292121879537e-01
-2.161021918098958994e-01
-7.023505713380836513e-01
1.125899537824914365e+00
-1.545112614466243706e+00
2.118987050613249767e+00
1.170141843610646992e+00
8.676926161180131825e-01
1.097457967971395165e+00
2.444796070812998434e-01
1.730115046186178285e+00
-7.554400392026476840e-01
-3.745131906197632365e-01
1.526986538888485345e+00
-1.686735043439810677e-01
-3.919904039852140643e-01
6.901169914218193702e-01
-1.708767651343524596e-01
-1.343442753530136091e+00
-3.810144057652380400e-01
-7.610635029060114354e-01
-5.582865356715003280e-01
-1.538542785254316536e+00
-2.394593898815248478e-01
-9.620008138521206342e-02
7.723879921404374072e-01
8.353337359511060489e-01
8.423350592838135809e-01
9.925003314598483950e-01
-9.557012585525495596e-02
2.549902514764438854e-01
5.506504461372602188e-01
3.079257271892305026e-01
3.584239164918840426e-01
-1.339627097925873755e+00
1.539696567236448876e+00
1.805758076982554583e-01
6.315845124005913247e-01
-3.858103953978911371e-01
-1.159620984871961191e+00
1.330224159648788484e-01
6.512866586526876167e-02
-3.426165970159557039e-01
1.246180223826358624e+00
-3.043426093735348559e-01
-1.569961375580965379e+00
6.976752357199654531e-02
-1.809111639423702234e-01
5.340169078442379424e-01
5.686351231224988645e-01
-5.005405558483612127e-01
6.030413752156131846e-01
4.002292780510320891e-01
-4.308123159478861042e-01
1.929086837669333476e-01
2.802934103543901490e-01
1.518899367288592539e-01
1.453068124196259803e-01
2.726759221028021596e+00
4.884011162812941231e-01
-9.557126999155722835e-01
5.859608057559148042e-01
-4.927203339255018522e-01
-6.696537875252612793e-01
-6.851553417238489541e-01
9.724146295281295149e-01
-8.158987888464048766e-01
1.398732348117579238e-01
-1.421268891383370647e+00
-6.458443403191804766e-02
-2.202938731848646636e+00
-1.670292831465621131e+00
-1.326200579052494222e+00
1.584462189189531633e+00
-9.769134438208899596e-01
-8.670434861929591230e-01
2.186680489593393131e-02
-7.556641972934016183e-01
-3.251639279503023561e-01
-3.423625663924573931e-02
-2.568527004077533760e-01
-8.039561684099755245e-02
9.151491633653511260e-01
-4.395808651506956655e-01
-4.339295453610594877e-01
-8.806792636994322798e-01
-5.595198468494798627e-01
1.150729244363663667e-01
-1.702313220253202974e+00
-1.299326822692065786e+00
1.727099778719552114e+00
-2.031892880692580228e+00
3.737200431839688974e-01
3.804765219559622103e-01
5.060082115292896532e-01
-1.409175064175351433e-01
4.935971092523700476e-01
2.032693028561554944e-03
1.504461429915029125e-01
-6.461031326398833929e-01
1.558720667090096601e-01
-1.150807615427271058e+00
1.481965124513043630e+00
-3.841074302610310021e-01
1.132923362976173243e+00
9.644320095933882619e-01
-1.426160175431299137e+00
9.326154122541198410e-02
4.172238629348898331e-01
-3.497195729563948863e-01
1.119021277135269221e+00
2.629793683223777961e-02
2.626613302170087150e-01
-5.873378045413043536e-01
-1.411690343779149037e+00
-2.154762953244317714e-01
1.464844170598546880e+00
-3.129280912477280241e-01
4.603304886986344102e-01
-8.286590936177934408e-01
-1.115983430144673161e+00
-9.730248169579527318e-01
6.610131122081934762e-01
1.895166230710282340e-01
1.538221384536477276e-01
1.450724578072976056e+00
2.695279193310700094e-01
4.739189029844063650e-01
2.089610588046733497e+00
1.034508436927835895e+00
2.202898333812517428e-01
-6.306244997972492161e-01
1.045113000834614198e-01
-3.471107384197911205e-01
-7.851520450373016269e-01
6.918478677619579464e-01
1.658213193143130759e+00
1.835267467992616475e-01
2.277331159950667927e-01
2.367845869133573533e+00
-2.579594321443333116e-01
3.126826112835954796e-01
1.100191147068448339e-01
-6.765706714524178933e-01
7.488471696282725798e-01
1.274455849717194500e+00
3.107534228605546289e-01
-1.908843455293522728e+00
-8.420227767962005228e-01
-9.149889877971983942e-02
1.306075657672967072e+00
1.864044805422749307e-01
1.707918601515416301e-01
-2.392437539329803353e-01
1.168412732928941322e+00
-8.118007723759008698e-01
-3.026474476744017705e-01
3.238533563711346736e-02
1.345216820857213724e+00
3.850714183101721089e-01
-1.839344928048029792e-01
1.304655152976952510e-02
-1.226441826076083208e+00
-8.622883342322488209e-01
4.983121557304323601e-01
3.797898803453699651e-02
2.797487778373618506e-01
2.921004994709477942e-01
1.665746188539343198e+00
-1.553465979321452251e+00
-7.471899799645177476e-01
-7.900658021155230193e-01
5.989831975063336644e-01
7.556347386133119848e-01
-9.619518723301234697e-01
9.266176965054956360e-01
-1.816493593148772012e+00
-1.024989435217627393e-01
1.929614081317696239e-01
-4.277812578803816268e-01
1.413881562562803174e+00
-6.146007250968825719e-01
-5.076085697449865819e-01
5.447624601975750158e-01
8.802366065293115716e-01
-2.491328296285431954e+00
1.261605498662741187e-01
-1.473352467490108619e+00
4.990261984738625367e-01
-1.283092484410924161e+00
-2.712320978144987585e-02
1.487372594456371974e-02
5.941205683691939132e-01
-9.701043704631914233e-01
6.382793678534067761e-01
-2.172424746491123937e+00
-1.111015972094852700e+00
6.930990068624892642e-01
1.326703802768408047e-01
-1.176047434478536130e-01
1.831820231783047648e+00
2.722848449588620434e-02
4.060279873636542525e-01
2.514517750439262955e-01
6.426639174895600881e-01
1.589719140220741678e-01
9.358190986503670539e-01
-9.281599436633515277e-01
-3.275970675471128746e-01
-8.042709727323906765e-01
2.256003096859300061e-01
1.336499817973612281e+00
1.281794285537271927e+00
1.740814838986076474e+00
-8.470203622673481147e-01
-6.241980932951022298e-01
-7.959154651107662459e-02
-8.298483393760939242e-01
5.575113554342910893e-01
1.162743173043608413e+00
1.785586951778281306e-01
-6.064153967470951034e-01
-1.228667284073357013e+00
-5.246958249589762646e-01
-1.065992660338747733e+00
-4.210149246520389910e-01
2.191386243412955181e+00
-1.390172839887942324e-01
-1.048065113277429017e+00
-1.634421029644812950e+00
5.923136748917104955e-01
-5.133929378899169116e-01
-4.637427915825735325e-01
-1.394935920030169862e+00
3.449603772607757191e-01
-2.270226829056460616e-01
5.059731704436514210e-01
-6.355543181845328959e-01
3.026918061811391669e-01
-6.915944859817819701e-01
-7.189029655174482558e-01
6.471250053139036007e-01
-1.634482218516669083e-01
1.672268478546255377e+00
1.213381944652032196e-01
-3.213482799137817869e-01
4.174847665146069198e-01
-1.587501817019748129e+00
2.012695535315112971e-01
-1.007787666652357084e+00
-6.819945342959520262e-01
-4.287230533551847911e-01
1.054608457959661960e+00
-1.417820740462237550e-01
-8.712490205676834409e-02
1.226205807166409478e-01
-1.938316826620625877e+00
-1.194324121682964313e+00
-1.328866996966860115e-01
4.389565360136410410e-01
-5.794450524151293358e-01
5.363148293725265026e-01
1.333292755202573954e+00
-1.589579926514082642e+00
-4.536990214197528931e-02
1.446552375437722304e+00
-5.580456629749103170e-01
-1.085121813259824375e+00
-2.361104645784197487e-01
7.793764481542591049e-01
1.670083895338016822e+00
4.165466227741803640e-01
2.112628328141993583e-01
1.095589214897134900e+00
-8.867434837030149231e-01
7.585829231365435188e-01
-7.521023241966386941e-01
-8.772145453392543590e-01
-8.829949645802723790e-01
-4.453752546327127138e-01
-2.358432346120457185e-02
-1.624423368670744772e+00
1.775513812879742637e-01
1.906432751573090778e+00
-1.291252594973743228e+00
3.162647755541682648e-01
-3.938606548976218980e-01
5.660958720995622473e-01
5.089014151344180004e-01
9.783287552457665681e-01
1.582867973629562330e+00
4.890268571177955326e-01
3.703246812340906247e-01
7.483738729809845669e-01
-1.851582075734760080e-01
-1.144624889261246947e+00
1.792427844079822030e+00
-3.806849549393476750e-01
-3.376206158653844436e-01
3.356071221686319217e-01
7.978274190350406192e-01
5.297270028310463452e-01
-8.494813028129852839e-01
7.058026168831876834e-01
-3.351332243476570216e-01
1.765828160667161750e+00
-9.463262653508095479e-01
-2.869044392653266939e+00
1.333694402959646474e-01
3.957001555799414261e-01
6.970407220570982165e-01
1.140151390602386572e+00
1.954880422059820377e+00
2.540391386140522512e-01
9.791015257831650054e-01
1.743301588457969009e+00
-2.067071715269883203e+00
2.932531235693726646e-01
-1.010279387563846193e-01
2.699415014257894319e-01
9.627022881667014476e-01
-1.486946056245576520e+00
-8.726512758216625754e-01
-1.106928877697895608e+00
7.213509257933454766e-01
-7.895915008364668974e-01
1.178732870677590583e+00
-5.978383353051104354e-01
-5.133143736044400995e-01
-3.896557938213990879e-01
2.192523422246268061e-01
-1.670295395016563544e+00
1.892234690954543552e+00
2.270025210351726663e+00
1.529369092987911571e+00
4.553473313585419402e-01
3.483495703103595686e-01
-1.109668962401739511e+00
-1.035672915739259237e+00
6.501293619706458582e-01
1.346588050808136039e+00
-7.615952692841452265e-01
4.843812044258622440e-01
-7.011047860082672556e-02
-1.315885659870265623e-01
-1.666256641484963996e+00
4.376592739057869608e-01
-1.121848420430926918e+00
1.701485648718915888e-01
1.795790811597884895e+00
-7.755477912628977455e-01
5.222440658646942957e-01
1.403156210443468721e+00
-1.408722630912359053e+00
3.082833332748866617e-01
3.570876128069905842e-01
-1.552507708757507737e-02
-2.016665575733871396e+00
-1.434068630418024459e-01
-1.869956752549623458e+00
1.023750611856631076e+00
7.874812655112136683e-01
1.128803587910051753e+00
-1.331217405368986917e+00
1.365404841282906290e+00
1.506068602013266977e+00
1.102186397004816687e+00
